25,25
0000000000000000000000000
0000000000000000000000000
0000000000000000000000000
0000000000000000000000000
0000000003000000100000000
0000000000000000100000000
0000000000000000200000000
0000040000000000200000000
0000000000000000000000000
0000000000000000000000000
0000000000000000000000000
0000000000000000000000000
0000000000000000000000000
0000000000000000000000000
0000000000000000000000000
0000000000000000000000000
0000000000000000000000000
0000000000000000000000000
0000000000000000000000000
0000000000000000000000000
0000000000000000000000000
0000000000000000000000000
0000000000000000000000000
0000000000000000000000000
0000000000000000000000000